Techniques=DestreaFX_EdgeDetect@DestreaFX_EdgeDetection.fx,DestreaFX_ColorPalette@DestreaFX_ColorPalette.fx

[DestreaFX_ColorPalette.fx]
ColorMatrix_1=0.062745,0.325490,0.564706
ColorMatrix_2=0.105882,0.584314,0.552941
ColorMatrix_3=0.368627,0.713725,0.678431
ColorMatrix_4=0.847059,0.862745,0.705882
ColorMatrix_5=0.996078,0.658824,0.372549
ColorMatrix_6=0.886274,0.380392,0.349020
ColorMatrix_7=0.886274,0.109804,0.380392
ColorMatrix_8=0.219608,0.086275,0.192157
Color_levels=8
Enable_color_limit=1
Enable_palette=1

[DestreaFX_EdgeDetection.fx]
depthreshold=0.250000
depth_weight=10.000000
normthreshold=1.950000
norm_weight=10.000000
Outline_color=1.000000,0.000000,0.000000

