Techniques=ColorPalette@ColorPalette.fx
TechniqueSorting=Destrea_EdgeDetect@EdgeDetection.fx,ColorPalette@ColorPalette.fx,Daltonize@Daltonize.fx,Deband@Deband.fx,Destrea_base@DestreaBase.fx,DisplayDepth@DisplayDepth.fx,FFKeepUI@KeepUI_FFXIV.fx,FFRestoreUI@KeepUI_FFXIV.fx,LUT@LUT.fx,UIMask_Top@UIMask.fx,UIMask_Bottom@UIMask.fx
Type=0

[ColorPalette.fx]
ColorMatrix_1=0.062745,0.325490,0.564706
ColorMatrix_2=0.105882,0.584314,0.552941
ColorMatrix_3=0.368627,0.713726,0.678431
ColorMatrix_4=0.847059,0.862745,0.705882
ColorMatrix_5=0.996078,0.658824,0.372549
ColorMatrix_6=0.886275,0.380392,0.349020
ColorMatrix_7=0.886275,0.109804,0.380392
ColorMatrix_8=0.219608,0.086275,0.192157
Color_levels=256
Enable_color_limit=0
Enable_palette=0

[EdgeDetection.fx]
blurSize=0.000000
blur_radius=1
depthreshold=0.250000
depth_weight=10.000000
Gx=-1.000000,-2.000000,-1.000000,0.000000,0.000000,0.000000,1.000000,2.000000,1.000000
Gy=-1.000000,0.000000,1.000000,-2.000000,0.000000,2.000000,-1.000000,0.000000,1.000000
kernel=10.000000
line_weight=1.000000
normthreshold=1.950000
norm_weight=10.000000
offset=0.000000
Outline_color=1.000000,0.000000,0.000000
res=0.000291,0.000694
samples=10
threshold=0.000000
weight=1.000000
zFar=10.000000
zNear=0.000000

[Toon.fx]
ColorMatrix_1=1.000000,0.925000,0.839000
ColorMatrix_2=1.000000,0.831000,0.639000
ColorMatrix_3=1.000000,0.667000,0.369000
ColorMatrix_4=0.816000,0.506000,0.349000
ColorMatrix_5=0.553000,0.412000,0.478000
ColorMatrix_6=0.329000,0.306000,0.408000
ColorMatrix_7=0.125000,0.236000,0.337000
ColorMatrix_8=0.050000,0.169000,0.271000
Color_levels=4
Enable_color_limit=1
Enable_palette=1

